22.294151 -36.364025
4
-2.002550 -1.924361 1.997450 -1.924361 1.997450 2.075639 -2.002550 2.075639 

26.303402 -36.667355
4
-1.619723 -2.104298 2.380277 -2.104298 2.380277 1.895702 -1.619723 1.895702 

-25.838262 -36.303806
4
-2.244224 -1.989992 1.755776 -1.989992 1.755776 2.010008 -2.244224 2.010008 

-14.241121 -36.317037
4
-2.389474 -1.985859 1.610526 -1.985859 1.610526 2.014141 -2.389474 2.014141 

-26.839181 -34.953437
4
-1.944030 -2.163215 2.055970 -2.163215 2.055970 1.836785 -1.944030 1.836785 

-28.657428 -35.878663
4
-1.640667 -2.121931 2.359333 -2.121931 2.359333 1.878069 -1.640667 1.878069 

30.882764 -35.717017
4
-1.166047 -2.026647 2.833953 -2.026647 2.833953 1.973353 -1.166047 1.973353 

-19.039456 -35.018496
4
-1.103384 -2.107869 2.896616 -2.107869 2.896616 1.892131 -1.103384 1.892131 

16.459166 -36.976976
4
-2.170415 -1.725739 1.829585 -1.725739 1.829585 2.274261 -2.170415 2.274261 

-19.534388 -36.424781
4
-2.032319 -1.814145 1.967681 -1.814145 1.967681 2.185855 -2.032319 2.185855 

-28.014759 -36.645527
4
-2.167341 -1.725723 1.832659 -1.725723 1.832659 2.274277 -2.167341 2.274277 

-17.206868 -35.360397
4
-2.254580 -2.251474 1.745420 -2.251474 1.745420 1.748526 -2.254580 1.748526 

-22.955616 -36.311805
4
-2.445525 -1.853863 1.554475 -1.853863 1.554475 2.146137 -2.445525 2.146137 

20.941730 -35.893738
4
-1.990244 -2.031475 2.009756 -2.031475 2.009756 1.968525 -1.990244 1.968525 

-17.519119 -35.842734
4
-1.876308 -2.135555 2.123692 -2.135555 2.123692 1.864445 -1.876308 1.864445 

-25.689783 -34.878182
4
-1.328639 -2.068999 2.671361 -2.068999 2.671361 1.931001 -1.328639 1.931001 

23.713859 -34.225556
4
-1.555889 -2.047173 2.444111 -2.047173 2.444111 1.952827 -1.555889 1.952827 

34.566302 -34.240971
4
-1.857967 -2.100927 2.142033 -2.100927 2.142033 1.899073 -1.857967 1.899073 

26.656789 -35.231413
4
-1.203088 -2.122509 2.796912 -2.122509 2.796912 1.877491 -1.203088 1.877491 

22.338521 -35.727095
4
-2.118320 -2.138663 1.881680 -2.138663 1.881680 1.861337 -2.118320 1.861337 

-26.681527 -36.078131
4
-1.799750 -1.940287 2.200250 -1.940287 2.200250 2.059713 -1.799750 2.059713 

-19.653169 -34.760495
4
-1.979237 -2.061491 2.020763 -2.061491 2.020763 1.938509 -1.979237 1.938509 

-27.776369 -36.916931
4
-2.243874 -1.938767 1.756126 -1.938767 1.756126 2.061233 -2.243874 2.061233 

-28.019407 -34.362740
4
-2.125237 -1.975182 1.874763 -1.975182 1.874763 2.024818 -2.125237 2.024818 

28.971372 -35.325922
4
-2.253349 -2.126800 1.746651 -2.126800 1.746651 1.873200 -2.253349 1.873200 

-21.345848 -36.341842
4
-1.861618 -1.963390 2.138382 -1.963390 2.138382 2.036610 -1.861618 2.036610 

-29.709360 -35.057444
4
-2.409144 -2.123162 1.590856 -2.123162 1.590856 1.876838 -2.409144 1.876838 

-28.028075 -34.829112
4
-2.449968 -2.465876 1.550032 -2.465876 1.550032 1.534124 -2.449968 1.534124 

-11.139741 -36.709965
4
-1.794255 -1.949076 2.205745 -1.949076 2.205745 2.050924 -1.794255 2.050924 

-12.469593 -35.288717
4
-1.920180 -2.083505 2.079820 -2.083505 2.079820 1.916495 -1.920180 1.916495 

-18.338946 -34.817666
4
-2.495962 -2.573549 1.504038 -2.573549 1.504038 1.426451 -2.495962 1.426451 

20.273722 -35.945933
4
-2.392599 -2.065366 1.607401 -2.065366 1.607401 1.934634 -2.392599 1.934634 

34.679288 -35.261215
4
-2.247980 -2.216240 1.752020 -2.216240 1.752020 1.783760 -2.247980 1.783760 

-14.127505 -34.676757
4
-2.154405 -1.994267 1.845595 -1.994267 1.845595 2.005733 -2.154405 2.005733 

-23.574720 -36.208494
4
-1.451045 -2.054601 2.548955 -2.054601 2.548955 1.945399 -1.451045 1.945399 

-26.839568 -34.122923
4
-2.436766 -1.722770 1.563234 -1.722770 1.563234 2.277230 -2.436766 2.277230 

-21.145101 -36.450006
4
-2.393861 -1.663987 1.606139 -1.663987 1.606139 2.336013 -2.393861 2.336013 

-29.910649 -34.457056
4
-1.407205 -2.082914 2.592795 -2.082914 2.592795 1.917086 -1.407205 1.917086 

-17.749646 -35.487190
4
-2.476032 -2.475215 1.523968 -2.475215 1.523968 1.524785 -2.476032 1.524785 

-9.884267 -36.589675
4
-2.199166 -2.137766 1.800834 -2.137766 1.800834 1.862234 -2.199166 1.862234 

-23.921855 -36.897399
4
-1.312789 -2.116870 2.687211 -2.116870 2.687211 1.883130 -1.312789 1.883130 

-26.751136 -36.351443
4
-1.557462 -2.047842 2.442538 -2.047842 2.442538 1.952158 -1.557462 1.952158 

-26.719837 -35.102346
4
-2.113014 -2.128285 1.886986 -2.128285 1.886986 1.871715 -2.113014 1.871715 

-17.699287 -36.264707
4
-2.433853 -1.723828 1.566147 -1.723828 1.566147 2.276172 -2.433853 2.276172 

25.972790 -35.207703
4
-1.557418 -2.013714 2.442582 -2.013714 2.442582 1.986286 -1.557418 1.986286 

27.456471 -34.453656
4
-2.384882 -1.569369 1.615118 -1.569369 1.615118 2.430631 -2.384882 2.430631 

23.020866 -36.594700
4
-2.226267 -2.263397 1.773733 -2.263397 1.773733 1.736603 -2.226267 1.736603 

23.802693 -35.762064
4
-2.191270 -2.034681 1.808730 -2.034681 1.808730 1.965319 -2.191270 1.965319 

-13.145110 -36.795318
4
-1.641255 -1.991028 2.358745 -1.991028 2.358745 2.008972 -1.641255 2.008972 

21.958262 -36.348040
4
-2.062562 -1.795419 1.937438 -1.795419 1.937438 2.204581 -2.062562 2.204581 

33.773246 -34.874926
4
-1.974951 -1.837486 2.025049 -1.837486 2.025049 2.162514 -1.974951 2.162514 

-25.524493 -35.889201
4
-2.537122 -2.407896 1.462878 -2.407896 1.462878 1.592104 -2.537122 1.592104 

31.526243 -36.294791
4
-2.086385 -1.718243 1.913615 -1.718243 1.913615 2.281757 -2.086385 2.281757 

30.056742 -34.609330
4
-2.336534 -2.250204 1.663466 -2.250204 1.663466 1.749796 -2.336534 1.749796 

33.991759 -34.672216
4
-1.584636 -2.007808 2.415364 -2.007808 2.415364 1.992192 -1.584636 1.992192 

33.866477 -35.287264
4
-1.914164 -1.991659 2.085836 -1.991659 2.085836 2.008341 -1.914164 2.008341 

28.526199 -36.851547
4
-2.266869 -1.953624 1.733131 -1.953624 1.733131 2.046376 -2.266869 2.046376 

-29.620501 -35.412876
4
-2.330009 -1.668894 1.669991 -1.668894 1.669991 2.331106 -2.330009 2.331106 

24.959447 -34.251833
4
-1.086075 -2.099127 2.913925 -2.099127 2.913925 1.900873 -1.086075 1.900873 

-20.725143 -34.327193
4
-2.277994 -1.642642 1.722006 -1.642642 1.722006 2.357358 -2.277994 2.357358 

-17.701507 -35.169775
4
-1.082205 -2.041624 2.917795 -2.041624 2.917795 1.958376 -1.082205 1.958376 

33.925686 -36.556740
4
-1.062659 -2.033656 2.937341 -2.033656 2.937341 1.966344 -1.062659 1.966344 

25.717133 -35.534645
4
-2.204525 -1.878732 1.795475 -1.878732 1.795475 2.121268 -2.204525 2.121268 

15.202072 -36.806602
4
-1.978271 -2.152531 2.021729 -2.152531 2.021729 1.847469 -1.978271 1.847469 

-28.478481 -36.421572
4
-2.140091 -1.978109 1.859909 -1.978109 1.859909 2.021891 -2.140091 2.021891 

27.160909 -35.749559
4
-2.345693 -1.699180 1.654307 -1.699180 1.654307 2.300820 -2.345693 2.300820 

-28.274274 -34.814151
4
-2.445043 -2.110047 1.554957 -2.110047 1.554957 1.889953 -2.445043 1.889953 

-18.154235 -36.634412
4
-2.174172 -1.728836 1.825828 -1.728836 1.825828 2.271164 -2.174172 2.271164 

24.182441 -35.440442
4
-1.893634 -1.986253 2.106366 -1.986253 2.106366 2.013747 -1.893634 2.013747 

21.123618 -35.605751
4
-2.286764 -1.804100 1.713236 -1.804100 1.713236 2.195900 -2.286764 2.195900 

-11.060277 -35.088111
4
-2.202519 -1.922900 1.797481 -1.922900 1.797481 2.077100 -2.202519 2.077100 

-20.080384 -34.267306
4
-2.364546 -1.951220 1.635454 -1.951220 1.635454 2.048780 -2.364546 2.048780 

21.595091 -36.185449
4
-1.820722 -2.092721 2.179278 -2.092721 2.179278 1.907279 -1.820722 1.907279 

-21.826374 -35.163608
4
-2.329759 -2.073875 1.670241 -2.073875 1.670241 1.926125 -2.329759 1.926125 

-30.894034 -34.362149
4
-1.856090 -2.067732 2.143910 -2.067732 2.143910 1.932268 -1.856090 1.932268 

-10.319458 -36.660858
4
-2.481359 -2.418692 1.518641 -2.418692 1.518641 1.581308 -2.481359 1.581308 

-17.149200 -34.864953
4
-1.955036 -1.805420 2.044964 -1.805420 2.044964 2.194580 -1.955036 2.194580 

-27.348945 -36.223385
4
-2.240822 -2.264351 1.759178 -2.264351 1.759178 1.735649 -2.240822 1.735649 

21.042703 -35.729574
4
-1.525436 -2.044418 2.474564 -2.044418 2.474564 1.955582 -1.525436 1.955582 

31.113752 -36.989804
4
-1.042636 -2.121059 2.957364 -2.121059 2.957364 1.878941 -1.042636 1.878941 

-15.176461 -35.889735
4
-2.287889 -1.648476 1.712111 -1.648476 1.712111 2.351524 -2.287889 2.351524 

-13.032494 -36.458292
4
-1.740945 -2.034064 2.259055 -2.034064 2.259055 1.965936 -1.740945 1.965936 

-23.471324 -36.270272
4
-2.377770 -2.367407 1.622230 -2.367407 1.622230 1.632593 -2.377770 1.632593 

-24.060536 -34.426602
4
-2.209329 -2.363942 1.790671 -2.363942 1.790671 1.636058 -2.209329 1.636058 

32.701279 -36.491776
4
-2.159919 -2.336134 1.840081 -2.336134 1.840081 1.663866 -2.159919 1.663866 

-25.786802 -35.467332
4
-2.314731 -1.879748 1.685269 -1.879748 1.685269 2.120252 -2.314731 2.120252 

-11.420072 -35.760315
4
-2.461692 -2.279340 1.538308 -2.279340 1.538308 1.720660 -2.461692 1.720660 

-15.291656 -34.847031
4
-1.525728 -2.126553 2.474272 -2.126553 2.474272 1.873447 -1.525728 1.873447 

-23.333128 -35.548316
4
-2.107166 -2.231507 1.892834 -2.231507 1.892834 1.768493 -2.107166 1.768493 

25.827087 -36.116973
4
-1.044011 -1.994756 2.955989 -1.994756 2.955989 2.005244 -1.044011 2.005244 

-22.423976 -34.866928
4
-2.145071 -1.885817 1.854929 -1.885817 1.854929 2.114183 -2.145071 2.114183 

25.979710 -36.717200
4
-2.027386 -1.968803 1.972614 -1.968803 1.972614 2.031197 -2.027386 2.031197 

26.513672 -35.062364
4
-2.381946 -2.212310 1.618054 -2.212310 1.618054 1.787690 -2.381946 1.787690 

31.290401 -36.249965
4
-2.191103 -2.317182 1.808897 -2.317182 1.808897 1.682818 -2.191103 1.682818 

-23.775795 -35.882687
4
-1.793843 -1.984824 2.206157 -1.984824 2.206157 2.015176 -1.793843 2.015176 

16.061898 -36.143106
4
-2.200335 -2.029906 1.799665 -2.029906 1.799665 1.970094 -2.200335 1.970094 

13.288114 -36.885414
4
-1.979931 -2.171846 2.020069 -2.171846 2.020069 1.828154 -1.979931 1.828154 

-13.569359 -34.973984
4
-2.285703 -1.756141 1.714297 -1.756141 1.714297 2.243859 -2.285703 2.243859 

18.005621 -36.425657
4
-1.211083 -2.012901 2.788917 -2.012901 2.788917 1.987099 -1.211083 1.987099 

-22.068543 -36.490752
4
-2.129933 -1.962333 1.870067 -1.962333 1.870067 2.037667 -2.129933 2.037667 

