44
10
35.408436 -2.410383 33.651708 11.336617 26.682111 23.431203 15.589355 31.904990 2.184539 35.423087 1.930686 34.455844 15.141607 30.988634 25.915764 22.758227 32.685185 11.011014 34.416502 -2.537142 
4
-2.862556 35.376030 -15.246663 32.049914 -14.987276 31.084141 -2.603169 34.410257 
12
-16.612719 31.358804 -28.610901 21.037964 -34.931136 6.402760 -34.212557 -9.522635 -26.599961 -23.529167 -13.721041 -32.727512 -13.139840 -31.913752 -25.831332 -22.849272 -33.223955 -9.247470 -33.921771 6.217747 -27.784164 20.430054 -15.960592 30.600694 
4
-9.132153 -34.302507 -1.903798 -35.446209 -1.747518 -34.458497 -8.975872 -33.314794 
4
2.576813 -35.398545 14.591726 -32.353956 14.346089 -31.384595 2.331176 -34.429183 
4
17.151853 -31.076497 24.688640 -25.503055 24.094058 -24.699021 16.557271 -30.272463 
4
27.577953 -22.347464 32.355746 -14.596518 31.504479 -14.071785 26.726686 -21.822731 
4
33.799537 -10.846897 35.294007 -3.794334 34.315730 -3.587032 32.821260 -10.639596 
6
-28.716381 4.788242 -28.550657 -5.779406 -24.593403 -15.579548 -23.666145 -15.205126 -27.553699 -5.577595 -27.716504 4.803922 
10
-22.224691 -18.801070 -12.770992 -26.183816 -1.030082 -29.114076 10.888562 -27.020912 20.840384 -20.324750 20.282133 -19.495078 10.506467 -26.072712 -0.993935 -28.092423 -12.322841 -25.264991 -21.609199 -18.012926 
10
21.727650 -19.371260 27.940627 -8.252142 28.772928 4.571113 24.007485 16.505063 14.654426 25.151228 13.975614 24.416917 23.162640 15.924235 27.760383 4.410252 26.957371 -7.961742 20.854685 -18.883478 
4
12.470595 26.303984 0.897144 29.096571 0.662583 28.124469 12.236034 25.331882 
4
-3.021363 28.961086 -9.078233 27.666927 -8.869282 26.689001 -2.812411 27.983160 
4
-11.301695 26.835129 -17.024374 23.622514 -16.534853 22.750522 -10.812174 25.963138 
4
-20.901146 20.270598 -25.664457 13.751024 -24.857008 13.161088 -20.093696 19.680662 
4
-26.678480 11.667948 -28.508240 5.929802 -27.555506 5.625997 -25.725746 11.364144 
8
-10.754883 -20.947663 0.883117 -23.564166 12.419139 -20.045319 20.615444 -11.378733 19.888900 -10.691613 11.874358 -19.166007 0.844378 -22.530495 -10.535534 -19.972017 
12
21.610677 -9.353383 23.481410 2.152894 19.506017 13.248656 10.657039 21.034236 -0.854603 23.564406 -12.029011 20.243765 -11.744158 19.285193 -0.817172 22.532310 10.190272 20.112959 18.651674 12.668379 22.452949 2.058600 20.623637 -9.192906 
4
-14.752503 18.368183 -19.061688 13.844803 -18.337646 13.155046 -14.028462 17.678427 
4
-20.524570 11.570956 -22.239908 7.780198 -21.328843 7.367936 -19.613505 11.158694 
4
-23.061676 4.826098 -23.557534 0.417978 -22.563802 0.306196 -22.067943 4.714316 
4
-23.419883 -2.574224 -22.434269 -7.198690 -21.456235 -6.990241 -22.441849 -2.365776 
4
-21.008732 -10.663151 -17.911092 -15.305632 -17.079261 -14.750603 -20.176901 -10.108122 
4
-15.729499 -17.540929 -11.644901 -20.481640 -11.060623 -19.670087 -15.145220 -16.729376 
6
7.763264 -16.840623 12.553166 -13.665636 16.122484 -9.161897 15.338765 -8.540782 11.868177 -12.919943 7.210768 -16.007107 
6
17.022291 -7.355229 18.489406 -1.578428 18.022708 4.363462 17.025778 4.285159 17.479555 -1.492217 16.053060 -7.109077 
12
17.397672 6.393861 12.456789 13.765805 4.519256 18.006813 -4.480214 18.016567 -12.426921 13.792774 -17.383772 6.431557 -16.554298 5.873011 -11.736985 13.027007 -4.231475 17.016296 4.268350 17.007084 11.765195 13.001535 16.566990 5.837114 
6
-18.266921 3.172756 -18.119432 -4.019173 -15.212144 -10.598936 -14.297455 -10.194778 -17.123751 -3.798316 -17.267131 3.193259 
4
-14.009847 -12.151769 -10.458270 -15.315544 -9.793105 -14.568847 -13.344682 -11.405072 
4
-9.041365 -16.193901 -5.379812 -17.749545 -4.988781 -16.829167 -8.650334 -15.273523 
4
-2.870761 -18.323266 1.199310 -18.507971 1.244645 -17.508999 -2.825426 -17.324294 
4
3.007493 -18.301126 7.045659 -17.156192 6.772883 -16.194114 2.734717 -17.339049 
10
2.201850 -11.356536 6.518786 -9.582043 9.827495 -6.142512 11.469539 -1.661260 11.173122 2.996732 10.175141 2.933225 10.458195 -1.514776 8.960940 -5.600886 5.943982 -8.737131 1.821663 -10.431627 
12
10.408769 5.043287 7.281847 9.018353 2.634405 11.287865 -2.537530 11.310037 -7.204259 9.080454 -10.365148 5.132343 -9.584510 4.507359 -6.566661 8.276806 -2.312951 10.309065 2.401252 10.288855 6.637382 8.220202 9.622803 4.425019 
8
-10.725527 4.335046 -11.587800 -0.146723 -10.590359 -4.705628 -7.935327 -8.417847 -7.121951 -7.836109 -9.657402 -4.291086 -10.566974 -0.133798 -9.743537 4.146115 
4
-6.956847 -9.249990 -4.423429 -10.695481 -3.927852 -9.826917 -6.461271 -8.381425 
4
-2.626834 -11.267278 1.607937 -11.457153 1.652729 -10.458156 -2.582042 -10.268282 
4
3.000000 -0.500000 8.078275 -0.500000 8.078275 0.500000 3.000000 0.500000 
4
2.276534 2.016778 5.472396 5.963339 4.695250 6.592659 1.499388 2.646098 
4
-0.134661 3.038399 -1.190494 8.005701 -2.168642 7.797789 -1.112809 2.830487 
4
-2.446024 1.807475 -6.970800 4.112963 -7.424791 3.221957 -2.900015 0.916468 
4
-2.944005 -0.763437 -7.583240 -2.828958 -7.176503 -3.742503 -2.537268 -1.676983 
4
-1.259420 -2.768368 -2.573774 -7.673605 -1.607848 -7.932424 -0.293494 -3.027187 
4
1.358847 -2.720944 4.343782 -6.829354 5.152799 -6.241569 2.167864 -2.133158 
